[gd_scene load_steps=5 format=3 uid="uid://cqow47bch5ocs"]

[ext_resource type="PackedScene" uid="uid://5negh75idjb0" path="res://scenes/source_controller.tscn" id="2_sugp2"]

[sub_resource type="ProceduralSkyMaterial" id="ProceduralSkyMaterial_0wfyh"]
sky_horizon_color = Color(0.66224277, 0.6717428, 0.6867428, 1)
ground_horizon_color = Color(0.66224277, 0.6717428, 0.6867428, 1)

[sub_resource type="Sky" id="Sky_sugp2"]
sky_material = SubResource("ProceduralSkyMaterial_0wfyh")

[sub_resource type="Environment" id="Environment_jyhfs"]
background_mode = 2
sky = SubResource("Sky_sugp2")
tonemap_mode = 2
glow_enabled = true

[node name="Node3D" type="Node3D"]

[node name="WorldEnvironment" type="WorldEnvironment" parent="."]
environment = SubResource("Environment_jyhfs")

[node name="DirectionalLight3D" type="DirectionalLight3D" parent="."]
transform = Transform3D(-0.8660254, -0.43301278, 0.25, 0, 0.49999997, 0.86602545, -0.50000006, 0.75, -0.43301266, 0, 0, 0)
shadow_enabled = true

[node name="SourceController" parent="." instance=ExtResource("2_sugp2")]
wall_jump_up_force = 8.0
wall_jump_side_force = 9.11

[node name="CSGBox3D" type="CSGBox3D" parent="."]
transform = Transform3D(0.9, 0, 0, 0, 1, 0, 0, 0, 1, 0.75, -0.5, -4)
operation = 2
use_collision = true
size = Vector3(17, 1, 12)

[node name="CSGBox3D2" type="CSGBox3D" parent="."]
transform = Transform3D(1, 0, 0, 0, 1, 0, 0, 0, 1, -2.4455712, 0.3762169, -0.2071073)
use_collision = true
size = Vector3(2, 1, 1)

[node name="CSGBox3D3" type="CSGBox3D" parent="."]
transform = Transform3D(1, 0, 0, 0, 1, 0, 0, 0, 1, -2.4455712, 0.8762169, -4.2071075)
use_collision = true
size = Vector3(2, 2, 3)

[node name="CSGBox3D4" type="CSGBox3D" parent="."]
transform = Transform3D(1, 0, 0, 0, 1, 0, 0, 0, 1, 3.5544288, 1.8762169, -4.2071075)
use_collision = true
size = Vector3(2, 4, 3)

[node name="CSGBox3D5" type="CSGBox3D" parent="."]
transform = Transform3D(0.42261824, 0.9063078, 0, -0.9063078, 0.42261824, 0, 0, 0, 1, 0.4544288, 2.876217, -4.2071075)
use_collision = true
size = Vector3(0.2, 4, 3)

[node name="CSGBox3D8" type="CSGBox3D" parent="."]
transform = Transform3D(0.10938166, 0.23456974, -0.9659258, -0.9063078, 0.42261824, 0, 0.40821788, 0.8754261, 0.25881907, 6.4544287, 0.8762169, 1.7928925)
use_collision = true
size = Vector3(0.2, 4, 3)

[node name="CSGBox3D6" type="CSGBox3D" parent="."]
transform = Transform3D(1, 0, 0, 0, 1, 0, 0, 0, 1, 2.999, 2, 7.5)
use_collision = true
size = Vector3(1, 5, 10)

[node name="CSGBox3D7" type="CSGBox3D" parent="."]
transform = Transform3D(-4.371139e-08, 0, 1, 0, 1, 0, -1, 0, -4.371139e-08, 13.999001, 2, 2.5)
use_collision = true
size = Vector3(1, 5, 10)
